17 30
37 41
19 61 48 52
28 39 43 32 73 77
47 50 54 85 99 88
75 63 66 105 101 91
87 86 90
27 31
11 49 53 52
29 43 32 61 65
39 43 85 74 89
47 63 67 96 99 100 109
72 76 79 117 109
38 42
20 62 49 53 66
26 40 29 43 74 78
47 48 51 55 86 100 89
60 76 64 67 106 110 109
84 72 88 87 91 110 109
94 98 102
94 98 102
12 50 54
17 26 30 63 62 66
37 40 87 86 75 90
48 64 67 97 101 110 100
73 77 115 110
17 9 21 50 63 54
26 27 30 43 75 79
48 52 87 97 101
61 77 107 110
85 88
17 30
37 41
19 61 48 52
28 39 43 32 73 77
47 50 54 85 99 88
75 63 66 105 101 91
87 98 90
20 62 49 53 66
26 40 29 43 74 78
47 48 51 55 86 100 89
60 76 64 67 106 110 109
84 72 88 87 91 110 109
94 98 102
17 26 30 63 62 66
26 27 30 43 75 79
48 52 87 97 101
61 77 107 110
85 88
97 101
27 31
11 49 53 52
29 43 32 61 65
39 43 85 74 89
47 63 67 96 99 100 109
72 76 79 117 109
107
38 42
49 53
94 98 102
48 64 67 97 101 110 100
37 40 87 86 75 90
48 64 67 97 101 110 100
73 77 115 110
108
95 99
17 30
97 101
107
49 53
17 26 30 63 62 66
108
95 99
38 42
20 62 49 53 66
26 40 29 43 74 78
47 48 51 55 86 100 89
84 72 88 87 91 110 109
94 98 102
17 9 21 50 63 54
26 27 30 43 75 79
48 52 87 97 101
61 77 107 110
85 88
73 77 115 110
48 64 67 97 101 110 100
37 40 87 86 75 90
17 26 30 63 62 66
12 50 54
72 76 79 117 109
47 63 67 96 99 100 109
39 43 85 74 89
29 43 32 61 65
11 49 53 52
27 31
107
37 41
19 61 48 52
28 39 43 32 73 77
47 50 54 85 99 88
75 63 66 105 101 91
87 98 90
97 101
49 53