8655
8709
8855
8646
8848
8631
8647
8690
8828
8839
8847
8643
8696
8859
8625
8684
8832
8624
8630
8683
8689
8834
8840
8637
8694
8860
8654
8708
8854
8657
8699
8824
8656
8710
8856
8648
8715
8846
8653
8707
8853
8645
8698
8858
8658
8711
8831
8623
8652
8682
8706
8835
8850
8629
8649
8688
8713
8716
8841
8845
8636
8693
8861
8721
8827
8865
8622
8681
8628
8687
8842
8692
8862
8635
8651
8705
8849
8650
8704
8844
8626
8685
8837
8632
8691
8843
8644
8697
8863
8627
8686
8712
8838
8830
8717
8825
8864
8659
8718
8720
8826
8857
8719
8829